3307.000134441 0.000000000 
3307.001111020 0.000000000 
3307.002133274 0.000000000 
3307.003111424 0.000000000 
3307.004133442 0.000000000 
3307.005107447 0.000000000 
3307.006129412 0.000000000 
3307.007131683 0.000000000 
3307.008131171 0.000000000 
3307.009131732 0.000000000 
3307.010111018 0.000000000 
3307.011133362 0.000000000 
3307.012127720 0.000000000 
3307.013127346 0.000000000 
3307.014131187 0.000000000 
3307.015133324 0.000000000 
3307.016111017 0.000000000 
3307.017015910 0.000000000 
3307.018086136 0.000000000 
3307.019085907 0.000000000 
3307.020106648 0.000000000 
3307.021111239 0.000000000 
3307.022082602 0.000000000 
3307.023111223 0.000000000 
3307.024111116 0.000000000 
3307.025111620 0.000000000 
3307.026112285 0.000000000 
3307.027107687 0.000000000 
3307.028107978 0.000000000 
3307.029107684 0.000000000 
3307.030108692 0.000000000 
3307.031107498 0.000000000 
3307.032108509 0.000000000 
3307.033108018 0.000000000 
3307.034108141 0.000000000 
3307.035047462 0.000000000 
3307.036109962 0.000000000 
3307.037083799 0.000000000 
3307.038084428 0.000000000 
3307.039080981 0.000000000 
3307.040085512 0.000000000 
3307.041111530 0.000000000 
3307.042106996 0.000000000 
3307.043007504 0.000000000 
3307.044084176 0.000000000 
3307.045082516 0.000000000 
3307.046085564 0.000000000 
3307.047085631 0.000000000 
3307.048086527 0.000000000 
3307.049085613 0.000000000 
3307.050093227 0.000000000 
3307.051105675 0.000000000 
3307.052106461 0.000000000 
3307.053106642 0.000000000 
3307.054110565 0.000000000 
3307.055111226 0.000000000 
3307.056106810 0.000000000 
3307.057106744 0.000000000 
3307.058082819 0.000000000 
3307.059106725 0.000000000 
3307.060045114 0.000000000 
3307.061108485 0.000000000 
3307.062106676 0.000000000 
3307.063106579 0.000000000 
3307.064106690 0.000000000 
3307.065106706 0.000000000 
3307.066106564 0.000000000 
3307.067120212 0.000000000 
3307.068082432 0.000000000 
3307.069106640 0.000000000 
3307.070107991 0.000000000 
3307.071108337 0.000000000 
3307.072127568 0.000000000 
3307.073082376 0.000000000 
3307.074109037 0.000000000 
3307.075105488 0.000000000 
3307.076105511 0.000000000 
3307.077082847 0.000000000 
3307.078110292 0.000000000 
3307.079110320 0.000000000 
3307.080007535 0.000000000 
3307.081103299 0.000000000 
3307.082111073 0.000000000 
3307.083106378 0.000000000 
3307.084106302 0.000000000 
3307.085110210 0.000000000 
3307.086110174 0.000000000 
3307.087110184 0.000000000 
3307.088110379 0.000000000 
3307.089112499 0.000000000 
3307.090087853 0.000000000 
3307.091108051 0.000000000 
3307.092084437 0.000000000 
3307.093030450 0.000000000 
3307.094085639 0.000000000 
3307.095082960 0.000000000 
3307.096082263 0.000000000 
3307.097082547 0.000000000 
3307.098082889 0.000000000 
3307.099082252 0.000000000 
3307.100081920 0.000000000 
3307.101081976 0.000000000 
3307.102107377 0.000000000 
3307.103082680 0.000000000 
3307.104109549 0.000000000 
3307.105081137 0.000000000 
3307.106110370 0.000000000 
3307.107110369 0.000000000 
3307.108106420 0.000000000 
3307.109106395 0.000000000 
3307.110082722 0.000000000 
3307.111110448 0.000000000 
3307.112110512 0.000000000 
3307.113110503 0.000000000 
3307.114110486 0.000000000 
3307.115087104 0.000000000 
3307.116110555 0.000000000 
3307.117110401 0.000000000 
3307.118086469 0.000000000 
3307.119068822 0.000000000 
3307.120107594 0.000000000 
3307.121081555 0.000000000 
3307.122111756 0.000000000 
3307.123082617 0.000000000 
3307.124106813 0.000000000 
3307.125106724 0.000000000 
3307.126106807 0.000000000 
3307.127106986 0.000000000 
3307.128106904 0.000000000 
3307.129083480 0.000000000 
3307.130106990 0.000000000 
3307.131107045 0.000000000 
3307.132108128 0.000000000 
3307.133106674 0.000000000 
3307.134107458 0.000000000 
3307.135082801 0.000000000 
3307.136106882 0.000000000 
3307.137082733 0.000000000 
3307.138106976 0.000000000 
3307.139127765 0.000000000 
3307.140108345 0.000000000 
3307.141107660 0.000000000 
3307.142106931 0.000000000 
3307.143110954 0.000000000 
3307.144082522 0.000000000 
3307.145081531 0.000000000 
3307.146086782 0.000000000 
3307.147043270 0.000000000 
3307.148086958 0.000000000 
3307.149081882 0.000000000 
3307.150106534 0.000000000 
3307.151082067 0.000000000 
3307.152110625 0.000000000 
3307.153086376 0.000000000 
3307.154110540 0.000000000 
3307.155111860 0.000000000 
3307.156110484 0.000000000 
3307.157016127 0.000000000 
3307.158082353 0.000000000 
3307.159015204 0.000000000 
3307.160085437 0.000000000 
3307.161110315 0.000000000 
3307.162088175 0.000000000 
3307.163080923 0.000000000 
3307.164085712 0.000000000 
3307.165085855 0.000000000 
3307.166085858 0.000000000 
3307.167085754 0.000000000 
3307.168081703 0.000000000 
3307.169081964 0.000000000 
3307.170083199 0.000000000 
3307.171081764 0.000000000 
3307.172085849 0.000000000 
3307.173107940 0.000000000 
3307.174086071 0.000000000 
3307.175085917 0.000000000 
3307.176082221 0.000000000 
3307.177082324 0.000000000 
3307.178084095 0.000000000 
3307.179077861 0.000000000 
3307.180084309 0.000000000 
3307.181083447 0.000000000 
3307.182083477 0.000000000 
3307.183013822 0.000000000 
3307.184083904 0.000000000 
3307.185082417 0.000000000 
3307.186082518 0.000000000 
3307.187082916 0.000000000 
3307.188082557 0.000000000 
3307.189084635 0.000000000 
3307.190081384 0.000000000 
3307.191080975 0.000000000 
3307.192082755 0.000000000 
3307.193082242 0.000000000 
3307.194008200 0.000000000 
3307.195044222 0.000000000 
3307.196086148 0.000000000 
3307.197087566 0.000000000 
3307.198007154 0.000000000 
3307.199082140 0.000000000 
3307.200082054 0.000000000 
3307.201082599 0.000000000 
3307.202085897 0.000000000 
3307.203085992 0.000000000 
3307.204085960 0.000000000 
3307.205085886 0.000000000 
3307.206086347 0.000000000 
3307.207106523 0.000000000 
3307.208107014 0.000000000 
3307.209111627 0.000000000 
3307.210111501 0.000000000 
3307.211111702 0.000000000 
3307.212111692 0.000000000 
3307.213107874 0.000000000 
3307.214109035 0.000000000 
3307.215108536 0.000000000 
3307.216107994 0.000000000 
3307.217006120 0.000000000 
3307.218079316 0.000000000 
3307.219080934 0.000000000 
3307.220082360 0.000000000 
3307.221086059 0.000000000 
3307.222085912 0.000000000 
3307.223108077 0.000000000 
3307.224112017 0.000000000 
3307.225111601 0.000000000 
3307.226112604 0.000000000 
3307.227107507 0.000000000 
3307.228085996 0.000000000 
3307.229107689 0.000000000 
3307.230107718 0.000000000 
3307.231106678 0.000000000 
3307.232087232 0.000000000 
3307.233086242 0.000000000 
3307.234082492 0.000000000 
3307.235082355 0.000000000 
3307.236111589 0.000000000 
3307.237113190 0.000000000 
3307.238112023 0.000000000 
3307.239108039 0.000000000 
3307.240108047 0.000000000 
3307.241082898 0.000000000 
3307.242082447 0.000000000 
3307.243079611 0.000000000 
3307.244008274 0.000000000 
3307.245107502 0.000000000 
3307.246112078 0.000000000 
3307.247111729 0.000000000 
3307.248112075 0.000000000 
3307.249112259 0.000000000 
3307.250112802 0.000000000 
3307.251108193 0.000000000 
3307.252112154 0.000000000 
3307.253082001 0.000000000 
3307.254108271 0.000000000 
3307.255108965 0.000000000 
3307.256040980 0.000000000 
3307.257043154 0.000000000 
3307.258042170 0.000000000 
3307.259041821 0.000000000 
3307.260043841 0.000000000 
3307.261071037 0.000000000 
3307.262078846 0.000000000 
3307.263069617 0.000000000 
3307.264067812 0.000000000 
3307.265066302 0.000000000 
3307.266072613 0.000000000 
3307.267039874 0.000000000 
3307.268070729 0.000000000 
3307.269069748 0.000000000 
3307.270040189 0.000000000 
3307.271070645 0.000000000 
3307.272042960 0.000000000 
3307.273070069 0.000000000 
3307.274067079 0.000000000 
3307.275069586 0.000000000 
3307.276043770 0.000000000 
3307.277069821 0.000000000 
3307.278044464 0.000000000 
3307.279070143 0.000000000 
3307.280043996 0.000000000 
3307.281069584 0.000000000 
3307.282041945 0.000000000 
3307.283066606 0.000000000 
3307.284040073 0.000000000 
3307.285066696 0.000000000 
3307.286069630 0.000000000 
3307.287068038 0.000000000 
3307.288070769 0.000000000 
3307.289039552 0.000000000 
3307.290067641 0.000000000 
3307.291070034 0.000000000 
3307.292042740 0.000000000 
3307.293067961 0.000000000 
3307.294043057 0.000000000 
3307.295068599 0.000000000 
3307.296070797 0.000000000 
3307.297008150 0.000000000 
3307.298069464 0.000000000 
3307.299066734 0.000000000 
3307.300069248 0.000000000 
3307.301067209 0.000000000 
3307.302069522 0.000000000 
3307.303067310 0.000000000 
3307.304070694 0.000000000 
3307.305069209 0.000000000 
3307.306042704 0.000000000 
3307.307068482 0.000000000 
3307.308014105 0.000000000 
3307.309040336 0.000000000 
3307.310042300 0.000000000 
3307.311040318 0.000000000 
3307.312038119 0.000000000 
3307.313041840 0.000000000 
3307.314039898 0.000000000 
3307.315038181 0.000000000 
3307.316040886 0.000000000 
3307.317030517 0.000000000 
3307.318042245 0.000000000 
3307.319039014 0.000000000 
3307.320007102 0.000000000 
3307.321040090 0.000000000 
3307.322108919 0.000000000 
3307.323106662 0.000000000 
3307.324081237 0.000000000 
3307.325081407 0.000000000 
3307.326081936 0.000000000 
3307.327086874 0.000000000 
3307.328086395 0.000000000 
3307.329086418 0.000000000 
3307.330086504 0.000000000 
3307.331082408 0.000000000 
3307.332084106 0.000000000 
3307.333082599 0.000000000 
3307.334086487 0.000000000 
3307.335086382 0.000000000 
3307.336086628 0.000000000 
3307.337086381 0.000000000 
3307.338086860 0.000000000 
3307.339082848 0.000000000 
3307.340082826 0.000000000 
3307.341082857 0.000000000 
3307.342007291 0.000000000 
3307.343081611 0.000000000 
3307.344008003 0.000000000 
3307.345081822 0.000000000 
3307.346081753 0.000000000 
3307.347086603 0.000000000 
3307.348086534 0.000000000 
3307.349082403 0.000000000 
3307.350083119 0.000000000 
3307.351082032 0.000000000 
3307.352082503 0.000000000 
3307.353082963 0.000000000 
3307.354086428 0.000000000 
3307.355086694 0.000000000 
3307.356087400 0.000000000 
3307.357086486 0.000000000 
3307.358087396 0.000000000 
3307.359007787 0.000000000 
3307.360087913 0.000000000 
3307.361086542 0.000000000 
3307.362086581 0.000000000 
3307.363086599 0.000000000 
3307.364086695 0.000000000 
3307.365082881 0.000000000 
3307.366082957 0.000000000 
3307.367082955 0.000000000 
3307.368082986 0.000000000 
3307.369082917 0.000000000 
3307.370035265 0.000000000 
3307.371083069 0.000000000 
3307.372083396 0.000000000 
3307.373082881 0.000000000 
3307.374082867 0.000000000 
3307.375082873 0.000000000 
3307.376083439 0.000000000 
3307.377084505 0.000000000 
3307.378082951 0.000000000 
3307.379082692 0.000000000 
3307.380007085 0.000000000 
3307.381054177 0.000000000 
3307.382080460 0.000000000 
3307.383082006 0.000000000 
3307.384086509 0.000000000 
3307.385086925 0.000000000 
3307.386086461 0.000000000 
3307.387086567 0.000000000 
3307.388086558 0.000000000 
3307.389086531 0.000000000 
3307.390082475 0.000000000 
3307.391082587 0.000000000 
3307.392072672 0.000000000 
3307.393113423 0.000000000 
3307.394013301 0.000000000 
3307.395085367 0.000000000 
3307.396086883 0.000000000 
3307.397006696 0.000000000 
3307.398087883 0.000000000 
3307.399087828 0.000000000 
3307.400086603 0.000000000 
3307.401086776 0.000000000 
3307.402082897 0.000000000 
3307.403007643 0.000000000 
3307.404081629 0.000000000 
3307.405081542 0.000000000 
3307.406086485 0.000000000 
3307.407086509 0.000000000 
3307.408087200 0.000000000 
3307.409086656 0.000000000 
3307.410082590 0.000000000 
3307.411082271 0.000000000 
3307.412082309 0.000000000 
3307.413086535 0.000000000 
3307.414086613 0.000000000 
3307.415086547 0.000000000 
3307.416086495 0.000000000 
3307.417086526 0.000000000 
3307.418086947 0.000000000 
3307.419086709 0.000000000 
3307.420084894 0.000000000 
3307.421083913 0.000000000 
3307.422083314 0.000000000 
3307.423082930 0.000000000 
3307.424083075 0.000000000 
3307.425083419 0.000000000 
3307.426083500 0.000000000 
3307.427083661 0.000000000 
3307.428082936 0.000000000 
3307.429082956 0.000000000 
3307.430082919 0.000000000 
3307.431084640 0.000000000 
3307.432083463 0.000000000 
3307.433083042 0.000000000 
3307.434080868 0.000000000 
3307.435081748 0.000000000 
3307.436082337 0.000000000 
3307.437086615 0.000000000 
3307.438087010 0.000000000 
3307.439082665 0.000000000 
3307.440084506 0.000000000 
3307.441082805 0.000000000 
3307.442086623 0.000000000 
3307.443086634 0.000000000 
3307.444017167 0.000000000 
3307.445089386 0.000000000 
3307.446087149 0.000000000 
3307.447083130 0.000000000 
3307.448083087 0.000000000 
3307.449083080 0.000000000 
3307.450083261 0.000000000 
3307.451083254 0.000000000 
3307.452083868 0.000000000 
3307.453084139 0.000000000 
3307.454083119 0.000000000 
3307.455112298 0.000000000 
3307.456112979 0.000000000 
3307.457006761 0.000000000 
3307.458106111 0.000000000 
3307.459113890 0.000000000 
3307.460108948 0.000000000 
3307.461112436 0.000000000 
3307.462113707 0.000000000 
3307.463112511 0.000000000 
3307.464109279 0.000000000 
3307.465112855 0.000000000 
3307.466112851 0.000000000 
3307.467113403 0.000000000 
3307.468108526 0.000000000 
3307.469108609 0.000000000 
3307.470110560 0.000000000 
3307.471109116 0.000000000 
3307.472108725 0.000000000 
3307.473107510 0.000000000 
3307.474108036 0.000000000 
3307.475112450 0.000000000 
3307.476107205 0.000000000 
3307.477108687 0.000000000 
3307.478079733 0.000000000 
3307.479083234 0.000000000 
3307.480079815 0.000000000 
3307.481083388 0.000000000 
3307.482084747 0.000000000 
3307.483083320 0.000000000 
3307.484084443 0.000000000 
3307.485083794 0.000000000 
3307.486083254 0.000000000 
3307.487083329 0.000000000 
3307.488083155 0.000000000 
3307.489109419 0.000000000 
3307.490109772 0.000000000 
3307.491108775 0.000000000 
3307.492110109 0.000000000 
3307.493085045 0.000000000 
3307.494069695 0.000000000 
3307.495083355 0.000000000 
3307.496082338 0.000000000 
3307.497087541 0.000000000 
3307.498087405 0.000000000 
3307.499087651 0.000000000 
3307.500083224 0.000000000 
3307.501079628 0.000000000 
3307.502102358 0.000000000 
3307.503082819 0.000000000 
3307.504084380 0.000000000 
3307.505087370 0.000000000 
3307.506087720 0.000000000 
3307.507087661 0.000000000 
3307.508087122 0.000000000 
3307.509087290 0.000000000 
3307.510079839 0.000000000 
3307.511079902 0.000000000 
3307.512038805 0.000000000 
3307.513014508 0.000000000 
3307.514044396 0.000000000 
3307.515042676 0.000000000 
3307.516038665 0.000000000 
3307.517041483 0.000000000 
3307.518040779 0.000000000 
3307.519042655 0.000000000 
3307.520039933 0.000000000 
3307.521042567 0.000000000 
3307.522040398 0.000000000 
3307.523008537 0.000000000 
3307.524042593 0.000000000 
3307.525040158 0.000000000 
3307.526043322 0.000000000 
3307.527041465 0.000000000 
3307.528039649 0.000000000 
3307.529042730 0.000000000 
3307.530042328 0.000000000 
3307.531040349 0.000000000 
3307.532039802 0.000000000 
3307.533044075 0.000000000 
3307.534040747 0.000000000 
3307.535038978 0.000000000 
3307.536042249 0.000000000 
3307.537007942 0.000000000 
3307.538042228 0.000000000 
3307.539040272 0.000000000 
3307.540039065 0.000000000 
3307.541042351 0.000000000 
3307.542014118 0.000000000 
3307.543043908 0.000000000 
3307.544041149 0.000000000 
3307.545040783 0.000000000 
3307.546042401 0.000000000 
3307.547039610 0.000000000 
3307.548038713 0.000000000 
3307.549041919 0.000000000 
3307.550040000 0.000000000 
3307.551042241 0.000000000 
3307.552008423 0.000000000 
3307.553040791 0.000000000 
3307.554039584 0.000000000 
3307.555042903 0.000000000 
3307.556040973 0.000000000 
3307.557012026 0.000000000 
3307.558042168 0.000000000 
3307.559039394 0.000000000 
3307.560041799 0.000000000 
3307.561040124 0.000000000 
3307.562038434 0.000000000 
3307.563042240 0.000000000 
3307.564040839 0.000000000 
3307.565038435 0.000000000 
3307.566041736 0.000000000 
3307.567040459 0.000000000 
3307.568038770 0.000000000 
3307.569041293 0.000000000 
3307.570007289 0.000000000 
3307.571043494 0.000000000 
3307.572011086 0.000000000 
3307.573040410 0.000000000 
3307.574041493 0.000000000 
3307.575040084 0.000000000 
3307.576080188 0.000000000 
3307.577081554 0.000000000 
3307.578082317 0.000000000 
3307.579082240 0.000000000 
3307.580083765 0.000000000 
3307.581087218 0.000000000 
3307.582007344 0.000000000 
3307.583083607 0.000000000 
3307.584087238 0.000000000 
3307.585087254 0.000000000 
3307.586083182 0.000000000 
3307.587083191 0.000000000 
3307.588083807 0.000000000 
3307.589085180 0.000000000 
3307.590083930 0.000000000 
3307.591087298 0.000000000 
3307.592087293 0.000000000 
3307.593083954 0.000000000 
3307.594086918 0.000000000 
3307.595008039 0.000000000 
3307.596087475 0.000000000 
3307.597087725 0.000000000 
3307.598084316 0.000000000 
3307.599083649 0.000000000 
3307.600083684 0.000000000 
3307.601083760 0.000000000 
3307.602083753 0.000000000 
3307.603084057 0.000000000 
3307.604084115 0.000000000 
3307.605083638 0.000000000 
3307.606084044 0.000000000 
3307.607006600 0.000000000 
3307.608082246 0.000000000 
3307.609081951 0.000000000 
3307.610082281 0.000000000 
3307.611087127 0.000000000 
3307.612083938 0.000000000 
3307.613087149 0.000000000 
3307.614087317 0.000000000 
3307.615087448 0.000000000 
3307.616083291 0.000000000 
3307.617083657 0.000000000 
3307.618080300 0.000000000 
3307.619083737 0.000000000 
3307.620087178 0.000000000 
3307.621084589 0.000000000 
3307.622087500 0.000000000 
3307.623087348 0.000000000 
3307.624087879 0.000000000 
3307.625084458 0.000000000 
3307.626084491 0.000000000 
3307.627083539 0.000000000 
3307.628083924 0.000000000 
3307.629084207 0.000000000 
3307.630006753 0.000000000 
3307.631007431 0.000000000 
3307.632007109 0.000000000 
3307.633082303 0.000000000 
3307.634007306 0.000000000 
3307.635083742 0.000000000 
3307.636088163 0.000000000 
3307.637007698 0.000000000 
3307.638087666 0.000000000 
3307.639083389 0.000000000 
3307.640079843 0.000000000 
3307.641083011 0.000000000 
3307.642083002 0.000000000 
3307.643083900 0.000000000 
3307.644083641 0.000000000 
3307.645008117 0.000000000 
3307.646088290 0.000000000 
3307.647087915 0.000000000 
3307.648087360 0.000000000 
3307.649087554 0.000000000 
3307.650087257 0.000000000 
3307.651087466 0.000000000 
3307.652083824 0.000000000 
3307.653083815 0.000000000 
3307.654084808 0.000000000 
3307.655084394 0.000000000 
3307.656083706 0.000000000 
3307.657085132 0.000000000 
3307.658084167 0.000000000 
3307.659083883 0.000000000 
3307.660083719 0.000000000 
3307.661083788 0.000000000 
3307.662083896 0.000000000 
3307.663083684 0.000000000 
3307.664083763 0.000000000 
3307.665084769 0.000000000 
3307.666083911 0.000000000 
3307.667080716 0.000000000 
3307.668083965 0.000000000 
3307.669081538 0.000000000 
3307.670081869 0.000000000 
3307.671083360 0.000000000 
3307.672083241 0.000000000 
3307.673087704 0.000000000 
3307.674088133 0.000000000 
3307.675087842 0.000000000 
3307.676085165 0.000000000 
3307.677087603 0.000000000 
3307.678080454 0.000000000 
3307.679084373 0.000000000 
3307.680080134 0.000000000 
3307.681085607 0.000000000 
3307.682088095 0.000000000 
3307.683087446 0.000000000 
3307.684087687 0.000000000 
3307.685087472 0.000000000 
3307.686087477 0.000000000 
3307.687083853 0.000000000 
3307.688083964 0.000000000 
3307.689083840 0.000000000 
3307.690083841 0.000000000 
3307.691083917 0.000000000 
3307.692083805 0.000000000 
3307.693080313 0.000000000 
3307.694083818 0.000000000 
3307.695007668 0.000000000 
3307.696081582 0.000000000 
3307.697083043 0.000000000 
3307.698007221 0.000000000 
3307.699088025 0.000000000 
3307.700087940 0.000000000 
3307.701087586 0.000000000 
3307.702084242 0.000000000 
3307.703089571 0.000000000 
3307.704010568 0.000000000 
3307.705595314 0.000000000 
3307.706042101 0.000000000 
3307.707109470 0.000000000 
3307.708111528 0.000000000 
3307.709112539 0.000000000 
3307.710112665 0.000000000 
3307.711112459 0.000000000 
3307.712088177 0.000000000 
3307.713112517 0.000000000 
3307.714112689 0.000000000 
3307.715108483 0.000000000 
3307.716108564 0.000000000 
3307.717084800 0.000000000 
3307.718112636 0.000000000 
3307.719108879 0.000000000 
3307.720108817 0.000000000 
3307.721084478 0.000000000 
3307.722084636 0.000000000 
3307.723109039 0.000000000 
3307.724108866 0.000000000 
3307.725108845 0.000000000 
3307.726108771 0.000000000 
3307.727108992 0.000000000 
3307.728110018 0.000000000 
3307.729108751 0.000000000 
3307.730108819 0.000000000 
3307.731110730 0.000000000 
3307.732081158 0.000000000 
3307.733106653 0.000000000 
3307.734107394 0.000000000 
3307.735107447 0.000000000 
3307.736107438 0.000000000 
3307.737008299 0.000000000 
3307.738047762 0.000000000 
3307.739073383 0.000000000 
3307.740047066 0.000000000 
3307.741069374 0.000000000 
3307.742096631 0.000000000 
3307.743086427 0.000000000 
3307.744112286 0.000000000 
3307.745041777 0.000000000 
3307.746043550 0.000000000 
3307.747041016 0.000000000 
3307.748043297 0.000000000 
3307.749041178 0.000000000 
3307.750039099 0.000000000 
3307.751134061 0.000000000 
3307.752043106 0.000000000 
3307.753134407 0.000000000 
3307.754084231 0.000000000 
3307.755070581 0.000000000 
3307.756068350 0.000000000 
3307.757067383 0.000000000 
3307.758109504 0.000000000 
3307.759040235 0.000000000 
3307.760081097 0.000000000 
3307.761082850 0.000000000 
3307.762083203 0.000000000 
3307.763087597 0.000000000 
3307.764108590 0.000000000 
3307.765084319 0.000000000 
3307.766108162 0.000000000 
3307.767108545 0.000000000 
3307.768036594 0.000000000 
3307.769060933 0.000000000 
3307.770062331 0.000000000 
3307.771038282 0.000000000 
3307.772056824 0.000000000 
3307.773038244 0.000000000 
3307.774060700 0.000000000 
3307.775039319 0.000000000 
3307.776057052 0.000000000 
3307.777058902 0.000000000 
3307.778039597 0.000000000 
3307.779057185 0.000000000 
3307.780037161 0.000000000 
3307.781058908 0.000000000 
3307.782039753 0.000000000 
3307.783056967 0.000000000 
3307.784057174 0.000000000 
3307.785061585 0.000000000 
3307.786057221 0.000000000 
3307.787060935 0.000000000 
3307.788060043 0.000000000 
3307.789059000 0.000000000 
3307.790057208 0.000000000 
3307.791057105 0.000000000 
3307.792060876 0.000000000 
3307.793036660 0.000000000 
3307.794057080 0.000000000 
3307.795039467 0.000000000 
3307.796060509 0.000000000 
3307.797038212 0.000000000 
3307.798059265 0.000000000 
3307.799057214 0.000000000 
3307.800061243 0.000000000 
3307.801060734 0.000000000 
3307.802059152 0.000000000 
3307.803058620 0.000000000 
3307.804061261 0.000000000 
3307.805059710 0.000000000 
3307.806058015 0.000000000 
3307.807057326 0.000000000 
3307.808061017 0.000000000 
3307.809058564 0.000000000 
3307.810056731 0.000000000 
3307.811037470 0.000000000 
3307.812154082 0.000000000 
3307.813084760 0.000000000 
3307.814106353 0.000000000 
3307.815081972 0.000000000 
3307.816106353 0.000000000 
3307.817007692 0.000000000 
3307.818084923 0.000000000 
3307.819088314 0.000000000 
3307.820112877 0.000000000 
3307.821088910 0.000000000 
3307.822108761 0.000000000 
3307.823108595 0.000000000 
3307.824108763 0.000000000 
3307.825112704 0.000000000 
3307.826112510 0.000000000 
3307.827112727 0.000000000 
3307.828112570 0.000000000 
3307.829088631 0.000000000 
3307.830108667 0.000000000 
3307.831108628 0.000000000 
3307.832080266 0.000000000 
3307.833112649 0.000000000 
3307.834108965 0.000000000 
3307.835108909 0.000000000 
3307.836108989 0.000000000 
3307.837108834 0.000000000 
3307.838085192 0.000000000 
3307.839084750 0.000000000 
3307.840109091 0.000000000 
3307.841079917 0.000000000 
3307.842108951 0.000000000 
3307.843109539 0.000000000 
3307.844109550 0.000000000 
3307.845016267 0.000000000 
3307.846082245 0.000000000 
3307.847082076 0.000000000 
3307.848081982 0.000000000 
3307.849083183 0.000000000 
3307.850083086 0.000000000 
3307.851083079 0.000000000 
3307.852083055 0.000000000 
3307.853007478 0.000000000 
3307.854085019 0.000000000 
3307.855079409 0.000000000 
3307.856084074 0.000000000 
3307.857079605 0.000000000 
3307.858083581 0.000000000 
3307.859083225 0.000000000 
3307.860083126 0.000000000 
3307.861083092 0.000000000 
3307.862087945 0.000000000 
3307.863079568 0.000000000 
3307.864084644 0.000000000 
3307.865079457 0.000000000 
3307.866079452 0.000000000 
3307.867079543 0.000000000 
3307.868080001 0.000000000 
3307.869079427 0.000000000 
3307.870079490 0.000000000 
3307.871007026 0.000000000 
3307.872083892 0.000000000 
3307.873083213 0.000000000 
3307.874083095 0.000000000 
3307.875083195 0.000000000 
3307.876083039 0.000000000 
3307.877084817 0.000000000 
3307.878080036 0.000000000 
3307.879079017 0.000000000 
3307.880007057 0.000000000 
3307.881064681 0.000000000 
3307.882083684 0.000000000 
3307.883083408 0.000000000 
3307.884083745 0.000000000 
3307.885079543 0.000000000 
3307.886079546 0.000000000 
3307.887079567 0.000000000 
3307.888080060 0.000000000 
3307.889084376 0.000000000 
3307.890085045 0.000000000 
3307.891079550 0.000000000 
3307.892079491 0.000000000 
3307.893111811 0.000000000 
3307.894081621 0.000000000 
3307.895013882 0.000000000 
3307.896080673 0.000000000 
3307.897080427 0.000000000 
3307.898085152 0.000000000 
3307.899079971 0.000000000 
3307.900079664 0.000000000 
3307.901079698 0.000000000 
3307.902117141 0.000000000 
3307.903082066 0.000000000 
3307.904109466 0.000000000 
3307.905109547 0.000000000 
3307.906109490 0.000000000 
3307.907109496 0.000000000 
3307.908082522 0.000000000 
3307.909108216 0.000000000 
3307.910108341 0.000000000 
3307.911113132 0.000000000 
3307.912113032 0.000000000 
3307.913079787 0.000000000 
3307.914109103 0.000000000 
3307.915109324 0.000000000 
3307.916109833 0.000000000 
3307.917113023 0.000000000 
3307.918084459 0.000000000 
3307.919113198 0.000000000 
3307.920084296 0.000000000 
3307.921105942 0.000000000 
3307.922097687 0.000000000 
3307.923108879 0.000000000 
3307.924109480 0.000000000 
3307.925112896 0.000000000 
3307.926080125 0.000000000 
3307.927109986 0.000000000 
3307.928109339 0.000000000 
3307.929109140 0.000000000 
3307.930109193 0.000000000 
3307.931023908 0.000000000 
3307.932108228 0.000000000 
3307.933108137 0.000000000 
3307.934113380 0.000000000 
3307.935112871 0.000000000 
3307.936113074 0.000000000 
3307.937084128 0.000000000 
3307.938112969 0.000000000 
3307.939113150 0.000000000 
3307.940113723 0.000000000 
3307.941109053 0.000000000 
3307.942109433 0.000000000 
3307.943109164 0.000000000 
3307.944083905 0.000000000 
3307.945013383 0.000000000 
3307.946086294 0.000000000 
3307.947083745 0.000000000 
3307.948083583 0.000000000 
3307.949083482 0.000000000 
3307.950079734 0.000000000 
3307.951080949 0.000000000 
3307.952080402 0.000000000 
3307.953079853 0.000000000 
3307.954080554 0.000000000 
3307.955109255 0.000000000 
3307.956114429 0.000000000 
3307.957034792 0.000000000 
3307.958110843 0.000000000 
3307.959111518 0.000000000 
3307.960106185 0.000000000 
3307.961109779 0.000000000 
3307.962106012 0.000000000 
3307.963105946 0.000000000 
3307.964105597 0.000000000 
3307.965106017 0.000000000 
3307.966110841 0.000000000 
3307.967110232 0.000000000 
3307.968110393 0.000000000 
3307.969106060 0.000000000 
3307.970107525 0.000000000 
3307.971108096 0.000000000 
3307.972110932 0.000000000 
3307.973109273 0.000000000 
3307.974109809 0.000000000 
3307.975105675 0.000000000 
3307.976110175 0.000000000 
3307.977105349 0.000000000 
3307.978084811 0.000000000 
3307.979083489 0.000000000 
3307.980098702 0.000000000 
3307.981085131 0.000000000 
3307.982080209 0.000000000 
3307.983079957 0.000000000 
3307.984080808 0.000000000 
3307.985080019 0.000000000 
3307.986079865 0.000000000 
3307.987079996 0.000000000 
3307.988079806 0.000000000 
3307.989113531 0.000000000 
3307.990106189 0.000000000 
3307.991106180 0.000000000 
3307.992110354 0.000000000 
3307.993105720 0.000000000 
3307.994082033 0.000000000 
3307.995080026 0.000000000 
3307.996083160 0.000000000 
3307.997080142 0.000000000 
3307.998006802 0.000000000 
3307.999084043 0.000000000 
3308.000084979 0.000000000 
3308.001083775 0.000000000 
3308.002084028 0.000000000 
3308.003084177 0.000000000 
3308.004079388 0.000000000 
3308.005079626 0.000000000 
3308.006079487 0.000000000 
3308.007079659 0.000000000 
3308.008105372 0.000000000 
3308.009105588 0.000000000 
3308.010114454 0.000000000 
3308.011105905 0.000000000 
3308.012105348 0.000000000 
3308.013105386 0.000000000 
3308.014104157 0.000000000 
3308.015085441 0.000000000 
3308.016083940 0.000000000 
3308.017018923 0.000000000 
3308.018080281 0.000000000 
3308.019083962 0.000000000 
3308.020045351 0.000000000 
3308.021080947 0.000000000 
3308.022083663 0.000000000 
3308.023081633 0.000000000 
3308.024055982 0.000000000 
3308.025043095 0.000000000 
3308.026041173 0.000000000 
3308.027039250 0.000000000 
3308.028016373 0.000000000 
3308.029047831 0.000000000 
3308.030073430 0.000000000 
3308.031071019 0.000000000 
3308.032043525 0.000000000 
3308.033070396 0.000000000 
3308.034068849 0.000000000 
3308.035070809 0.000000000 
3308.036067176 0.000000000 
3308.037069192 0.000000000 
3308.038042721 0.000000000 
3308.039068614 0.000000000 
3308.040071103 0.000000000 
3308.041067863 0.000000000 
3308.042070284 0.000000000 
3308.043068303 0.000000000 
3308.044066754 0.000000000 
3308.045069054 0.000000000 
3308.046043671 0.000000000 
3308.047068820 0.000000000 
3308.048067728 0.000000000 
3308.049070404 0.000000000 
3308.050074230 0.000000000 
3308.051069178 0.000000000 
3308.052066669 0.000000000 
3308.053069177 0.000000000 
3308.054042677 0.000000000 
3308.055068500 0.000000000 
3308.056070883 0.000000000 
3308.057068337 0.000000000 
3308.058041450 0.000000000 
3308.059038398 0.000000000 
3308.060041304 0.000000000 
3308.061070435 0.000000000 
3308.062042249 0.000000000 
3308.063068331 0.000000000 
3308.064041064 0.000000000 
3308.065068190 0.000000000 
3308.066066576 0.000000000 
3308.067013273 0.000000000 
3308.068042135 0.000000000 
3308.069038686 0.000000000 
3308.070041844 0.000000000 
3308.071039787 0.000000000 
3308.072040448 0.000000000 
3308.073042236 0.000000000 
3308.074040343 0.000000000 
3308.075038589 0.000000000 
3308.076041923 0.000000000 
3308.077040111 0.000000000 
3308.078042914 0.000000000 
3308.079039580 0.000000000 
3308.080007799 0.000000000 
3308.081042277 0.000000000 
3308.082041245 0.000000000 
3308.083039530 0.000000000 
3308.084038820 0.000000000 
3308.085042624 0.000000000 
3308.086040622 0.000000000 
3308.087038883 0.000000000 
3308.088042207 0.000000000 
3308.089040525 0.000000000 
3308.090083516 0.000000000 
3308.091084347 0.000000000 
3308.092084214 0.000000000 
3308.093083822 0.000000000 
3308.094007247 0.000000000 
3308.095079744 0.000000000 
3308.096007857 0.000000000 
3308.097031355 0.000000000 
3308.098084229 0.000000000 
3308.099084037 0.000000000 
3308.100080348 0.000000000 
3308.101080296 0.000000000 
3308.102080269 0.000000000 
3308.103080201 0.000000000 
3308.104080172 0.000000000 
3308.105114103 0.000000000 
3308.106106969 0.000000000 
3308.107080063 0.000000000 
3308.108080133 0.000000000 
3308.109080217 0.000000000 
3308.110080660 0.000000000 
3308.111080218 0.000000000 
3308.112082623 0.000000000 
3308.113083179 0.000000000 
3308.114083787 0.000000000 
3308.115084060 0.000000000 
3308.116083954 0.000000000 
3308.117080307 0.000000000 
3308.118081411 0.000000000 
3308.119079956 0.000000000 
3308.120083922 0.000000000 
3308.121085310 0.000000000 
3308.122084295 0.000000000 
3308.123084608 0.000000000 
3308.124083934 0.000000000 
3308.125080653 0.000000000 
3308.126080281 0.000000000 
3308.127080379 0.000000000 
3308.128080393 0.000000000 
3308.129080266 0.000000000 
3308.130080348 0.000000000 
3308.131084176 0.000000000 
3308.132082584 0.000000000 
3308.133081098 0.000000000 
3308.134080436 0.000000000 
3308.135080270 0.000000000 
3308.136082646 0.000000000 
3308.137082581 0.000000000 
3308.138083477 0.000000000 
3308.139082813 0.000000000 
3308.140084921 0.000000000 
3308.141083853 0.000000000 
3308.142084109 0.000000000 
3308.143079950 0.000000000 
3308.144079943 0.000000000 
3308.145079897 0.000000000 
3308.146014900 0.000000000 
3308.147084644 0.000000000 
3308.148084447 0.000000000 
3308.149084019 0.000000000 
3308.150084364 0.000000000 
3308.151080510 0.000000000 
3308.152080956 0.000000000 
3308.153080300 0.000000000 
3308.154080826 0.000000000 
3308.155080464 0.000000000 
3308.156080312 0.000000000 
3308.157007106 0.000000000 
3308.158082887 0.000000000 
3308.159084589 0.000000000 
3308.160083984 0.000000000 
3308.161084065 0.000000000 
3308.162084061 0.000000000 
3308.163080004 0.000000000 
3308.164080088 0.000000000 
3308.165079574 0.000000000 
3308.166080090 0.000000000 
3308.167080430 0.000000000 
3308.168080510 0.000000000 
3308.169084013 0.000000000 
3308.170084009 0.000000000 
3308.171084170 0.000000000 
3308.172084588 0.000000000 
3308.173084107 0.000000000 
3308.174084205 0.000000000 
3308.175080416 0.000000000 
3308.176080427 0.000000000 
3308.177007754 0.000000000 
3308.178082357 0.000000000 
3308.179082133 0.000000000 
3308.180081939 0.000000000 
3308.181080502 0.000000000 
3308.182007358 0.000000000 
3308.183084109 0.000000000 
3308.184084117 0.000000000 
3308.185084008 0.000000000 
3308.186084181 0.000000000 
3308.187084716 0.000000000 
3308.188080206 0.000000000 
3308.189080102 0.000000000 
3308.190080108 0.000000000 
3308.191080724 0.000000000 
3308.192084137 0.000000000 
3308.193084781 0.000000000 
3308.194084459 0.000000000 
3308.195085718 0.000000000 
3308.196007275 0.000000000 
3308.197086580 0.000000000 
3308.198084933 0.000000000 
3308.199080664 0.000000000 
3308.200081045 0.000000000 
3308.201080429 0.000000000 
3308.202081137 0.000000000 
3308.203080618 0.000000000 
3308.204080474 0.000000000 
3308.205110297 0.000000000 
3308.206106045 0.000000000 
3308.207108362 0.000000000 
3308.208106368 0.000000000 
3308.209107037 0.000000000 
3308.210106968 0.000000000 
3308.211107538 0.000000000 
3308.212106272 0.000000000 
3308.213107338 0.000000000 
3308.214106644 0.000000000 
3308.215106896 0.000000000 
3308.216107236 0.000000000 
3308.217106252 0.000000000 
3308.218012753 0.000000000 
3308.219108984 0.000000000 
3308.220109040 0.000000000 
3308.221108836 0.000000000 
3308.222085179 0.000000000 
3308.223105337 0.000000000 
3308.224105286 0.000000000 
3308.225109251 0.000000000 
3308.226113978 0.000000000 
3308.227114082 0.000000000 
3308.228114255 0.000000000 
3308.229114093 0.000000000 
3308.230109632 0.000000000 
3308.231135658 0.000000000 
3308.232106899 0.000000000 
3308.233132840 0.000000000 
3308.234126049 0.000000000 
3308.235129877 0.000000000 
3308.236129865 0.000000000 
3308.237007684 0.000000000 
3308.238107827 0.000000000 
3308.239084536 0.000000000 
3308.240110147 0.000000000 
3308.241084705 0.000000000 
3308.242105213 0.000000000 
3308.243104712 0.000000000 
3308.244105497 0.000000000 
3308.245109204 0.000000000 
3308.246018022 0.000000000 
3308.247087201 0.000000000 
3308.248084772 0.000000000 
3308.249084830 0.000000000 
3308.250084329 0.000000000 
3308.251084422 0.000000000 
3308.252080788 0.000000000 
3308.253080693 0.000000000 
3308.254081403 0.000000000 
3308.255080974 0.000000000 
3308.256081535 0.000000000 
3308.257082848 0.000000000 
3308.258081256 0.000000000 
3308.259080995 0.000000000 
3308.260094696 0.000000000 
3308.261087169 0.000000000 
3308.262106683 0.000000000 
3308.263106082 0.000000000 
3308.264105672 0.000000000 
3308.265105668 0.000000000 
3308.266105499 0.000000000 
3308.267105330 0.000000000 
3308.268107559 0.000000000 
3308.269085450 0.000000000 
3308.270108900 0.000000000 
3308.271109886 0.000000000 
3308.272007566 0.000000000 
3308.273110509 0.000000000 
3308.274105192 0.000000000 
3308.275105778 0.000000000 
3308.276105112 0.000000000 
3308.277105340 0.000000000 
3308.278082483 0.000000000 
3308.279109069 0.000000000 
3308.280041427 0.000000000 
3308.281066060 0.000000000 
3308.282039682 0.000000000 
3308.283070421 0.000000000 
3308.284070609 0.000000000 
3308.285067320 0.000000000 
3308.286070504 0.000000000 
3308.287069142 0.000000000 
3308.288066730 0.000000000 
3308.289070114 0.000000000 
3308.290068537 0.000000000 
3308.291068012 0.000000000 
3308.292066447 0.000000000 
3308.293067638 0.000000000 
3308.294069842 0.000000000 
3308.295043170 0.000000000 
3308.296070348 0.000000000 
3308.297042254 0.000000000 
3308.298043720 0.000000000 
3308.299069576 0.000000000 
3308.300066682 0.000000000 
3308.301068427 0.000000000 
3308.302069842 0.000000000 
3308.303066753 0.000000000 
3308.304069701 0.000000000 
3308.305067567 0.000000000 
3308.306069623 0.000000000 
3308.307070919 0.000000000 
3308.308040277 0.000000000 
3308.309007775 0.000000000 
3308.310067473 0.000000000 
3308.311069823 0.000000000 
3308.312066584 0.000000000 
3308.313070000 0.000000000 
3308.314068538 0.000000000 
3308.315070877 0.000000000 
3308.316039630 0.000000000 
3308.317009178 0.000000000 
3308.318044519 0.000000000 
3308.319070529 0.000000000 
3308.320068037 0.000000000 
3308.321069718 0.000000000 
3308.322054814 0.000000000 
3308.323070847 0.000000000 
3308.324068748 0.000000000 
3308.325066289 0.000000000 
3308.326068502 0.000000000 
3308.327041962 0.000000000 
3308.328068537 0.000000000 
3308.329070981 0.000000000 
3308.330069534 0.000000000 
3308.331067592 0.000000000 
3308.332042156 0.000000000 
3308.333068332 0.000000000 
3308.334070808 0.000000000 
3308.335068316 0.000000000 
3308.336070101 0.000000000 
3308.337068003 0.000000000 
3308.338042302 0.000000000 
3308.339067595 0.000000000 
3308.340069426 0.000000000 
3308.341066729 0.000000000 
3308.342069230 0.000000000 
3308.343042639 0.000000000 
3308.344069765 0.000000000 
3308.345066547 0.000000000 
3308.346151500 0.000000000 
3308.347084191 0.000000000 
3308.348084267 0.000000000 
3308.349085175 0.000000000 
3308.350084696 0.000000000 
3308.351084824 0.000000000 
3308.352084698 0.000000000 
3308.353081163 0.000000000 
3308.354105426 0.000000000 
3308.355081028 0.000000000 
3308.356109421 0.000000000 
3308.357109342 0.000000000 
3308.358085423 0.000000000 
3308.359123064 0.000000000 
3308.360085115 0.000000000 
3308.361105351 0.000000000 
3308.362105456 0.000000000 
3308.363109345 0.000000000 
3308.364081588 0.000000000 
3308.365105849 0.000000000 
3308.366105850 0.000000000 
3308.367105877 0.000000000 
3308.368105895 0.000000000 
3308.369106561 0.000000000 
3308.370081619 0.000000000 
3308.371105863 0.000000000 
3308.372107973 0.000000000 
3308.373082327 0.000000000 
3308.374106263 0.000000000 
3308.375106414 0.000000000 
3308.376105768 0.000000000 
3308.377119649 0.000000000 
3308.378083162 0.000000000 
3308.379108135 0.000000000 
3308.380085389 0.000000000 
3308.381109340 0.000000000 
3308.382008573 0.000000000 
3308.383110929 0.000000000 
3308.384105515 0.000000000 
3308.385105575 0.000000000 
3308.386105525 0.000000000 
3308.387106013 0.000000000 
3308.388109447 0.000000000 
3308.389109630 0.000000000 
3308.390109388 0.000000000 
3308.391085689 0.000000000 
3308.392110143 0.000000000 
3308.393086850 0.000000000 
3308.394109875 0.000000000 
3308.395087579 0.000000000 
3308.396106792 0.000000000 
3308.397084155 0.000000000 
3308.398082041 0.000000000 
3308.399081605 0.000000000 
3308.400081531 0.000000000 
3308.401082009 0.000000000 
3308.402081174 0.000000000 
3308.403106651 0.000000000 
3308.404082365 0.000000000 
3308.405106236 0.000000000 
3308.406106687 0.000000000 
3308.407106178 0.000000000 
3308.408081886 0.000000000 
3308.409106167 0.000000000 
3308.410106602 0.000000000 
3308.411106277 0.000000000 
3308.412106288 0.000000000 
3308.413082801 0.000000000 
3308.414106372 0.000000000 
3308.415106725 0.000000000 
3308.416106231 0.000000000 
3308.417106785 0.000000000 
3308.418082523 0.000000000 
3308.419108523 0.000000000 
3308.420084130 0.000000000 
3308.421109911 0.000000000 
3308.422109867 0.000000000 
3308.423087051 0.000000000 
3308.424106689 0.000000000 
3308.425105710 0.000000000 
3308.426109571 0.000000000 
3308.427109587 0.000000000 
3308.428110149 0.000000000 
3308.429085722 0.000000000 
3308.430109710 0.000000000 
3308.431109639 0.000000000 
3308.432007799 0.000000000 
3308.433111188 0.000000000 
3308.434105981 0.000000000 
3308.435131165 0.000000000 
3308.436081805 0.000000000 
3308.437081760 0.000000000 
3308.438106330 0.000000000 
3308.439106247 0.000000000 
3308.440106242 0.000000000 
3308.441106898 0.000000000 
3308.442106869 0.000000000 
3308.443106328 0.000000000 
3308.444081993 0.000000000 
3308.445129282 0.000000000 
3308.446107054 0.000000000 
3308.447042694 0.000000000 
3308.448083983 0.000000000 
3308.449081876 0.000000000 
3308.450106377 0.000000000 
3308.451081948 0.000000000 
3308.452108634 0.000000000 
3308.453110460 0.000000000 
3308.454110103 0.000000000 
3308.455112170 0.000000000 
3308.456132998 0.000000000 
3308.457024491 0.000000000 
3308.458107840 0.000000000 
3308.459107201 0.000000000 
3308.460129222 0.000000000 
3308.461110488 0.000000000 
3308.462132753 0.000000000 
3308.463107951 0.000000000 
3308.464129081 0.000000000 
3308.465127342 0.000000000 
3308.466126850 0.000000000 
3308.467132604 0.000000000 
3308.468107517 0.000000000 
3308.469132640 0.000000000 
3308.470130609 0.000000000 
3308.471130595 0.000000000 
3308.472131042 0.000000000 
3308.473107722 0.000000000 
3308.474133086 0.000000000 
3308.475127334 0.000000000 
3308.476127372 0.000000000 
3308.477130773 0.000000000 
3308.478083327 0.000000000 
3308.479082130 0.000000000 
3308.480083046 0.000000000 
3308.481106403 0.000000000 
3308.482108646 0.000000000 
3308.483107897 0.000000000 
3308.484106403 0.000000000 
3308.485106239 0.000000000 
3308.486106477 0.000000000 
3308.487109900 0.000000000 
3308.488110084 0.000000000 
3308.489130925 0.000000000 
3308.490131312 0.000000000 
3308.491127302 0.000000000 
3308.492126998 0.000000000 
3308.493131459 0.000000000 
3308.494110642 0.000000000 
3308.495080948 0.000000000 
3308.496055639 0.000000000 
3308.497033230 0.000000000 
3308.498089160 0.000000000 
3308.499085835 0.000000000 
3308.500085366 0.000000000 
3308.501081512 0.000000000 
3308.502081485 0.000000000 
3308.503106544 0.000000000 
3308.504082014 0.000000000 
3308.505107535 0.000000000 
3308.506106956 0.000000000 
3308.507106459 0.000000000 
3308.508108201 0.000000000 
3308.509129960 0.000000000 
3308.510109043 0.000000000 
3308.511129589 0.000000000 
3308.512127402 0.000000000 
3308.513127883 0.000000000 
3308.514127902 0.000000000 
3308.515107989 0.000000000 
3308.516129967 0.000000000 
3308.517128618 0.000000000 
3308.518082198 0.000000000 
3308.519106697 0.000000000 
3308.520106610 0.000000000 
3308.521106491 0.000000000 
3308.522082542 0.000000000 
3308.523082750 0.000000000 
3308.524108898 0.000000000 
3308.525110230 0.000000000 
3308.526110239 0.000000000 
3308.527110780 0.000000000 
3308.528110691 0.000000000 
3308.529110249 0.000000000 
3308.530106260 0.000000000 
3308.531105871 0.000000000 
3308.532131382 0.000000000 
3308.533112651 0.000000000 
3308.534129342 0.000000000 
3308.535127295 0.000000000 
3308.536070826 0.000000000 
3308.537043422 0.000000000 
3308.538067990 0.000000000 
3308.539071311 0.000000000 
3308.540067329 0.000000000 
3308.541068543 0.000000000 
3308.542067840 0.000000000 
3308.543071763 0.000000000 
3308.544069556 0.000000000 
3308.545069582 0.000000000 
3308.546071360 0.000000000 
3308.547014578 0.000000000 
3308.548040957 0.000000000 
3308.549042675 0.000000000 
3308.550041460 0.000000000 
3308.551038180 0.000000000 
3308.552042006 0.000000000 
3308.553040077 0.000000000 
3308.554038403 0.000000000 
3308.555041757 0.000000000 
3308.556040430 0.000000000 
3308.557007908 0.000000000 
3308.558042652 0.000000000 
3308.559040627 0.000000000 
3308.560038864 0.000000000 
3308.561042775 0.000000000 
3308.562040384 0.000000000 
3308.563038569 0.000000000 
3308.564041873 0.000000000 
3308.565040731 0.000000000 
3308.566038762 0.000000000 
3308.567038015 0.000000000 
3308.568041310 0.000000000 
3308.569040060 0.000000000 
3308.570038799 0.000000000 
3308.571041402 0.000000000 
3308.572039721 0.000000000 
3308.573043432 0.000000000 
3308.574041855 0.000000000 
3308.575038981 0.000000000 
3308.576042087 0.000000000 
3308.577042417 0.000000000 
3308.578043984 0.000000000 
3308.579040283 0.000000000 
3308.580042371 0.000000000 
3308.581039569 0.000000000 
3308.582042610 0.000000000 
3308.583041469 0.000000000 
3308.584038737 0.000000000 
3308.585037979 0.000000000 
3308.586041300 0.000000000 
3308.587040023 0.000000000 
3308.588043201 0.000000000 
3308.589042000 0.000000000 
3308.590040831 0.000000000 
3308.591039037 0.000000000 
3308.592038852 0.000000000 
3308.593042518 0.000000000 
3308.594041931 0.000000000 
3308.595041156 0.000000000 
3308.596039729 0.000000000 
3308.597011624 0.000000000 
3308.598043149 0.000000000 
3308.599039834 0.000000000 
3308.600043335 0.000000000 
3308.601083136 0.000000000 
3308.602084677 0.000000000 
3308.603085477 0.000000000 
3308.604085367 0.000000000 
3308.605085978 0.000000000 
3308.606085592 0.000000000 
3308.607007602 0.000000000 
3308.608082863 0.000000000 
3308.609081879 0.000000000 
3308.610081943 0.000000000 
3308.611085713 0.000000000 
3308.612085513 0.000000000 
3308.613085646 0.000000000 
3308.614085539 0.000000000 
3308.615086128 0.000000000 
3308.616082066 0.000000000 
3308.617081900 0.000000000 
3308.618083555 0.000000000 
3308.619081951 0.000000000 
3308.620082191 0.000000000 
3308.621082141 0.000000000 
3308.622081735 0.000000000 
3308.623082298 0.000000000 
3308.624081999 0.000000000 
3308.625081997 0.000000000 
3308.626081881 0.000000000 
3308.627084194 0.000000000 
3308.628085445 0.000000000 
3308.629085912 0.000000000 
3308.630085615 0.000000000 
3308.631081486 0.000000000 
3308.632082074 0.000000000 
3308.633043835 0.000000000 
3308.634095259 0.000000000 
3308.635081644 0.000000000 
3308.636085425 0.000000000 
3308.637006539 0.000000000 
3308.638111646 0.000000000 
3308.639110969 0.000000000 
3308.640085460 0.000000000 
3308.641085683 0.000000000 
3308.642099361 0.000000000 
3308.643085737 0.000000000 
3308.644082223 0.000000000 
3308.645081607 0.000000000 
3308.646081620 0.000000000 
3308.647082977 0.000000000 
3308.648084805 0.000000000 
3308.649082016 0.000000000 
3308.650085434 0.000000000 
3308.651085618 0.000000000 
3308.652085506 0.000000000 
3308.653086039 0.000000000 
3308.654086215 0.000000000 
3308.655085758 0.000000000 
3308.656081908 0.000000000 
3308.657084234 0.000000000 
3308.658082412 0.000000000 
3308.659082523 0.000000000 
3308.660082129 0.000000000 
3308.661082122 0.000000000 
3308.662081953 0.000000000 
3308.663082129 0.000000000 
3308.664082096 0.000000000 
3308.665082629 0.000000000 
3308.666081995 0.000000000 
3308.667082001 0.000000000 
3308.668084247 0.000000000 
3308.669086030 0.000000000 
3308.670085586 0.000000000 
3308.671085754 0.000000000 
3308.672086058 0.000000000 
3308.673007173 0.000000000 
3308.674083520 0.000000000 
3308.675081441 0.000000000 
3308.676082222 0.000000000 
3308.677082003 0.000000000 
3308.678083109 0.000000000 
3308.679086355 0.000000000 
3308.680087928 0.000000000 
3308.681085729 0.000000000 
3308.682085964 0.000000000 
3308.683007436 0.000000000 
3308.684085522 0.000000000 
3308.685086196 0.000000000 
3308.686085639 0.000000000 
3308.687085915 0.000000000 
3308.688086179 0.000000000 
3308.689081584 0.000000000 
3308.690081242 0.000000000 
3308.691081774 0.000000000 
3308.692108135 0.000000000 
3308.693085721 0.000000000 
3308.694085792 0.000000000 
3308.695085698 0.000000000 
3308.696040219 0.000000000 
3308.697088540 0.000000000 
3308.698007728 0.000000000 
3308.699088513 0.000000000 
3308.700084211 0.000000000 
3308.701084512 0.000000000 
3308.702084505 0.000000000 
3308.703083293 0.000000000 
3308.704007694 0.000000000 
3308.705106923 0.000000000 
3308.706108299 0.000000000 
3308.707082079 0.000000000 
3308.708082547 0.000000000 
3308.709082252 0.000000000 
3308.710082218 0.000000000 
3308.711084929 0.000000000 
3308.712086202 0.000000000 
3308.713086361 0.000000000 
3308.714111534 0.000000000 
3308.715112075 0.000000000 
3308.716107751 0.000000000 
3308.717007768 0.000000000 
3308.718085963 0.000000000 
3308.719085882 0.000000000 
3308.720085760 0.000000000 
3308.721085838 0.000000000 
3308.722082157 0.000000000 
3308.723007300 0.000000000 
3308.724085748 0.000000000 
3308.725086368 0.000000000 
3308.726085781 0.000000000 
3308.727085694 0.000000000 
3308.728085990 0.000000000 
3308.729085861 0.000000000 
3308.730081800 0.000000000 
3308.731081890 0.000000000 
3308.732083226 0.000000000 
3308.733086315 0.000000000 
3308.734085912 0.000000000 
3308.735085732 0.000000000 
3308.736085913 0.000000000 
3308.737087057 0.000000000 
3308.738086715 0.000000000 
3308.739082383 0.000000000 
3308.740082492 0.000000000 
3308.741083045 0.000000000 
3308.742082228 0.000000000 
3308.743082311 0.000000000 
3308.744082363 0.000000000 
3308.745082217 0.000000000 
3308.746082740 0.000000000 
3308.747082219 0.000000000 
3308.748007984 0.000000000 
3308.749085385 0.000000000 
3308.750084749 0.000000000 
3308.751085852 0.000000000 
3308.752086567 0.000000000 
3308.753085930 0.000000000 
3308.754086098 0.000000000 
3308.755082044 0.000000000 
3308.756081680 0.000000000 
3308.757081893 0.000000000 
3308.758086337 0.000000000 
3308.759085938 0.000000000 
3308.760085970 0.000000000 
3308.761086055 0.000000000 
3308.762085763 0.000000000 
3308.763086569 0.000000000 
3308.764086135 0.000000000 
3308.765086016 0.000000000 
3308.766082320 0.000000000 
3308.767082230 0.000000000 
3308.768082781 0.000000000 
3308.769082299 0.000000000 
3308.770082469 0.000000000 
3308.771082382 0.000000000 
3308.772082311 0.000000000 
3308.773083872 0.000000000 
3308.774082947 0.000000000 
3308.775082926 0.000000000 
3308.776085219 0.000000000 
3308.777085898 0.000000000 
3308.778087492 0.000000000 
3308.779086520 0.000000000 
3308.780088041 0.000000000 
3308.781082129 0.000000000 
3308.782081608 0.000000000 
3308.783083301 0.000000000 
3308.784086005 0.000000000 
3308.785088308 0.000000000 
3308.786087394 0.000000000 
3308.787087386 0.000000000 
3308.788083051 0.000000000 
3308.789008685 0.000000000 
3308.790082711 0.000000000 
3308.791082449 0.000000000 
3308.792040230 0.000000000 
3308.793042448 0.000000000 
3308.794039217 0.000000000 
3308.795040716 0.000000000 
3308.796039967 0.000000000 
3308.797007987 0.000000000 
3308.798017155 0.000000000 
3308.799042379 0.000000000 
3308.800039858 0.000000000 
3308.801038631 0.000000000 
3308.802040724 0.000000000 
3308.803042898 0.000000000 
3308.804041105 0.000000000 
3308.805039418 0.000000000 
3308.806042819 0.000000000 
3308.807040410 0.000000000 
3308.808041061 0.000000000 
3308.809042944 0.000000000 
3308.810040800 0.000000000 
3308.811038306 0.000000000 
3308.812042669 0.000000000 
3308.813040906 0.000000000 
3308.814039086 0.000000000 
3308.815042390 0.000000000 
3308.816039933 0.000000000 
3308.817011641 0.000000000 
3308.818042898 0.000000000 
3308.819039326 0.000000000 
3308.820042104 0.000000000 
3308.821040423 0.000000000 
3308.822038678 0.000000000 
3308.823041995 0.000000000 
3308.824039224 0.000000000 
3308.825042347 0.000000000 
3308.826040556 0.000000000 
3308.827008509 0.000000000 
3308.828043580 0.000000000 
3308.829041211 0.000000000 
3308.830038681 0.000000000 
3308.831042011 0.000000000 
3308.832040239 0.000000000 
3308.833040877 0.000000000 
3308.834038111 0.000000000 
3308.835041212 0.000000000 
3308.836039515 0.000000000 
3308.837008451 0.000000000 
3308.838007974 0.000000000 
3308.839039312 0.000000000 
3308.840042789 0.000000000 
3308.841041870 0.000000000 
3308.842040096 0.000000000 
3308.843039290 0.000000000 
3308.844038008 0.000000000 
3308.845041859 0.000000000 
3308.846012539 0.000000000 
3308.847044491 0.000000000 
3308.848008255 0.000000000 
3308.849038958 0.000000000 
3308.850041787 0.000000000 
3308.851039997 0.000000000 
3308.852042678 0.000000000 
3308.853041089 0.000000000 
3308.854039258 0.000000000 
3308.855042576 0.000000000 
3308.856008267 0.000000000 
3308.857006829 0.000000000 
3308.858086657 0.000000000 
3308.859086291 0.000000000 
3308.860086449 0.000000000 
3308.861086452 0.000000000 
3308.862086496 0.000000000 
3308.863082434 0.000000000 
3308.864082462 0.000000000 
3308.865082425 0.000000000 
3308.866082905 0.000000000 
3308.867086491 0.000000000 
3308.868007694 0.000000000 
3308.869088203 0.000000000 
3308.870086806 0.000000000 
3308.871086212 0.000000000 
3308.872086353 0.000000000 
3308.873086321 0.000000000 
3308.874087853 0.000000000 
3308.875082876 0.000000000 
3308.876083119 0.000000000 
3308.877007525 0.000000000 
3308.878079771 0.000000000 
3308.879084037 0.000000000 
3308.880087918 0.000000000 
3308.881086521 0.000000000 
3308.882007290 0.000000000 
3308.883084187 0.000000000 
3308.884083962 0.000000000 
3308.885082386 0.000000000 
3308.886086224 0.000000000 
3308.887086415 0.000000000 
3308.888086191 0.000000000 
3308.889086362 0.000000000 
3308.890086725 0.000000000 
3308.891087561 0.000000000 
3308.892088041 0.000000000 
3308.893058998 0.000000000 
3308.894108094 0.000000000 
3308.895008492 0.000000000 
3308.896006945 0.000000000 
3308.897086304 0.000000000 
3308.898007797 0.000000000 
3308.899005355 0.000000000 
3308.900088324 0.000000000 
3308.901087245 0.000000000 
3308.902124108 0.000000000 
3308.903087934 0.000000000 
3308.904082490 0.000000000 
3308.905107762 0.000000000 
3308.906082972 0.000000000 
3308.907111813 0.000000000 
3308.908087464 0.000000000 
3308.909111218 0.000000000 
3308.910111149 0.000000000 
3308.911111225 0.000000000 
3308.912107168 0.000000000 
3308.913111176 0.000000000 
3308.914083199 0.000000000 
3308.915108704 0.000000000 
3308.916121885 0.000000000 
3308.917083401 0.000000000 
3308.918083526 0.000000000 
3308.919008997 0.000000000 
3308.920086351 0.000000000 
3308.921085329 0.000000000 
3308.922087102 0.000000000 
3308.923111062 0.000000000 
3308.924087415 0.000000000 
3308.925107481 0.000000000 
3308.926107652 0.000000000 
3308.927108028 0.000000000 
3308.928108516 0.000000000 
3308.929111465 0.000000000 
3308.930111418 0.000000000 
3308.931111600 0.000000000 
3308.932112595 0.000000000 
3308.933087546 0.000000000 
3308.934111937 0.000000000 
3308.935113043 0.000000000 
3308.936016076 0.000000000 
3308.937007490 0.000000000 
3308.938083153 0.000000000 
3308.939082939 0.000000000 
3308.940083089 0.000000000 
3308.941083242 0.000000000 
3308.942084680 0.000000000 
3308.943084221 0.000000000 
3308.944082959 0.000000000 
3308.945082865 0.000000000 
3308.946084734 0.000000000 
3308.947083744 0.000000000 
3308.948007295 0.000000000 
3308.949087880 0.000000000 
3308.950087273 0.000000000 
3308.951087074 0.000000000 
3308.952087775 0.000000000 
3308.953046868 0.000000000 
3308.954045869 0.000000000 
3308.955083052 0.000000000 
3308.956113038 0.000000000 
3308.957013363 0.000000000 
3308.958087026 0.000000000 
3308.959086584 0.000000000 
3308.960086715 0.000000000 
3308.961086711 0.000000000 
3308.962085687 0.000000000 
3308.963088050 0.000000000 
3308.964088181 0.000000000 
3308.965108347 0.000000000 
3308.966078222 0.000000000 
3308.967112772 0.000000000 
3308.968113288 0.000000000 
3308.969019749 0.000000000 
3308.970106812 0.000000000 
3308.971081746 0.000000000 
3308.972086716 0.000000000 
3308.973086627 0.000000000 
3308.974082998 0.000000000 
3308.975082711 0.000000000 
3308.976082896 0.000000000 
3308.977107054 0.000000000 
3308.978086150 0.000000000 
3308.979109353 0.000000000 
3308.980108912 0.000000000 
3308.981112888 0.000000000 
3308.982053913 0.000000000 
3308.983087624 0.000000000 
3308.984086902 0.000000000 
3308.985087319 0.000000000 
3308.986083159 0.000000000 
3308.987083153 0.000000000 
3308.988059864 0.000000000 
3308.989097437 0.000000000 
3308.990039960 0.000000000 
3308.991084361 0.000000000 
3308.992015845 0.000000000 
3308.993086118 0.000000000 
3308.994085407 0.000000000 
3308.995085240 0.000000000 
3308.996007251 0.000000000 
3308.997088103 0.000000000 
3308.998007778 0.000000000 
3308.999049332 0.000000000 
3309.000052300 0.000000000 
3309.001083049 0.000000000 
3309.002083487 0.000000000 
3309.003082598 0.000000000 
3309.004083634 0.000000000 
3309.005087096 0.000000000 
3309.006086864 0.000000000 
3309.007087667 0.000000000 
3309.008086941 0.000000000 
3309.009087034 0.000000000 
3309.010083322 0.000000000 
3309.011083328 0.000000000 
3309.012083354 0.000000000 
3309.013084567 0.000000000 
3309.014085102 0.000000000 
3309.015084552 0.000000000 
3309.016043323 0.000000000 
3309.017008084 0.000000000 
3309.018041295 0.000000000 
3309.019038888 0.000000000 
3309.020041727 0.000000000 
3309.021039618 0.000000000 
3309.022080586 0.000000000 
3309.023086769 0.000000000 
3309.024087401 0.000000000 
3309.025087495 0.000000000 
3309.026086881 0.000000000 
3309.027088476 0.000000000 
3309.028082940 0.000000000 
3309.029082853 0.000000000 
3309.030082989 0.000000000 
3309.031086840 0.000000000 
3309.032086657 0.000000000 
3309.033007217 0.000000000 
3309.034087516 0.000000000 
3309.035087017 0.000000000 
3309.036086803 0.000000000 
3309.037007191 0.000000000 
3309.038083059 0.000000000 
3309.039082790 0.000000000 
3309.040084430 0.000000000 
3309.041086970 0.000000000 
3309.042087339 0.000000000 
3309.043086885 0.000000000 
3309.044088038 0.000000000 
3309.045098736 0.000000000 
3309.046086942 0.000000000 
3309.047088123 0.000000000 
